44 0.901605 0.279991 0.053783 0.0894471
44 0.831605 0.716394 0.0525246 0.0913618
20 0.832289 0.280264 0.050881 0.0911714
34 0.61803 0.279342 0.0500729 0.0907588
42 0.190691 0.280954 0.0502601 0.0878948
56 0.407033 0.715642 0.0516542 0.0891959
20 0.477307 0.279304 0.0483998 0.0887223
50 0.760542 0.715638 0.0486135 0.0891033
47 0.119975 0.281132 0.0482717 0.086442
21 0.189937 0.280564 0.0512733 0.0875715
47 0.120563 0.716875 0.0486414 0.0864046
13 0.262552 0.280536 0.0483363 0.0877656
50 0.760724 0.281135 0.050404 0.0911264
22 0.761176 0.715212 0.0497208 0.0919739
61 0.120154 0.717173 0.049632 0.0870493
56 0.407725 0.280373 0.0526652 0.0907048
54 0.761021 0.283002 0.0516073 0.0947855
40 0.404523 0.590095 0.0335409 0.0617301
